145.53810120 1.86845505 160.05729675
145.45660400 2.01909900 160.05760193
145.76029968 2.08374190 160.05630493
145.38299561 2.42493510 160.05799866
145.56129456 2.51969600 160.05720520
145.57400513 2.77700090 160.05709839
145.74079895 2.87894607 160.05639648
145.71490479 3.01334810 160.05650330
145.56799316 2.73380995 160.05720520
145.75030518 2.95878100 160.05639648
145.79280090 3.03773689 160.05619812
145.59759521 3.15304589 160.05700684
145.53480530 3.24664092 160.05729675
145.94389343 3.27342296 160.05549622
145.84919739 3.37229896 160.05589294
145.83470154 3.45967889 160.05599976
145.72990417 3.55779195 160.05650330
145.87579346 3.62537503 160.05580139
145.94689941 3.70282698 160.05549622
145.48300171 1.88134801 159.99549866
145.40969849 2.02963591 159.99609375
146.06340027 2.28885007 159.99000549
146.16380310 2.40465093 159.98899841
146.08290100 2.55475092 159.98980713
145.89259338 2.72186494 159.99159241
145.70199585 2.88521409 159.99339294
145.68040466 3.01860690 159.99360657
145.53169250 2.74027109 159.99499512
145.81550598 2.77548409 159.99229431
145.66810608 2.97209597 159.99369812
145.73880005 3.04614305 159.99299622
145.71499634 3.13518000 159.99330139
145.83580017 3.20274305 159.99209595
145.92439270 3.27607298 159.99130249
145.77769470 3.38179994 159.99270630
145.72860718 3.47318506 159.99310303
145.81010437 3.54791093 159.99240112
145.88070679 3.62474608 159.99169922
146.15859985 3.76618290 159.98910522
145.43710327 1.89197195 159.93400574
145.52980042 2.00214100 159.93269348
146.20590210 1.98624897 159.92289734
145.86709595 2.32790399 159.92779541
146.08389282 2.41970396 159.92460632
145.92840576 2.58266306 159.92689514
145.90910339 2.71885490 159.92720032
145.63540649 2.89596295 159.93110657
145.59199524 3.03215003 159.93179321
145.98359680 2.65837908 159.92610168
145.80439758 2.77726197 159.92869568
145.59849548 2.98330593 159.93170166
145.63870239 3.06174588 159.93110657
145.73730469 3.13166904 159.92970276
145.83810425 3.20226693 159.92820740
145.75199890 3.30002499 159.92939758
145.87199402 3.36904907 159.92770386
145.80220032 3.46364999 159.92869568
145.86459351 3.54114294 159.92779541
145.47439575 1.75076199 159.87139893
145.48869324 1.87949097 159.87109375
145.79780579 1.94096804 159.86509705
146.26190186 1.97375703 159.85600281
145.86430359 2.32821298 159.86380005
146.25999451 2.38586307 159.85600281
145.95060730 2.57839394 159.86210632
146.02940369 2.69785595 159.86050415
145.61019897 2.89988708 159.86869812
145.53959656 3.04006910 159.87010193
146.04089355 2.64779091 159.86030579
145.80650330 2.77668691 159.86489868
145.57339478 2.98718596 159.86950684
145.61349487 3.06550789 159.86869812
145.72689819 3.13304305 159.86650085
145.89590454 3.19367504 159.86320496
145.74249268 3.30117989 159.86619568
145.84869385 3.37199497 159.86410522
145.51019287 1.74157000 159.80839539
145.71600342 1.95916903 159.80340576
145.94290161 2.04296589 159.79780579
145.95840454 2.17457008 159.79739380
145.86149597 2.32844710 159.79980469
145.91439819 2.45149708 159.79849243
145.89390564 2.58840299 159.79899597
146.06640625 2.69117808 159.79469299
145.64469910 2.89398289 159.80509949
145.70550537 3.01413608 159.80360413
145.97000122 2.66030693 159.79710388
145.68499756 2.79765797 159.80409241
145.58259583 2.98542905 159.80659485
145.82629395 3.03177595 159.80059814
145.73480225 3.13160205 159.80290222
145.71980286 3.30413008 159.80329895
145.86619568 3.45507789 159.79969788
145.46679688 1.88383806 159.74740601
145.62559509 1.97926903 159.74270630
145.85539246 2.06161189 159.73590088
145.98139954 2.16933990 159.73210144
145.72169495 2.35597801 159.73989868
145.86270142 2.46097803 159.73570251
145.89210510 2.58835793 159.73480225
146.07020569 2.69016099 159.72950745
145.64030457 2.89437509 159.74229431
145.76150513 3.00514603 159.73869324
145.99760437 2.65495896 159.73170471
145.74090576 2.78752208 159.73930359
145.79600525 2.86416292 159.73770142
145.83360291 2.94414091 159.73649597
145.96009827 3.01042104 159.73280334
145.72399902 3.13294601 159.73980713
145.68359375 3.30890393 159.74099731
145.62289429 1.97933900 159.67990112
145.83290100 2.06600809 159.67260742
146.01429749 2.16196895 159.66630554
145.85899353 2.32804799 159.67170715
146.00140381 2.43403792 159.66670227
145.89860535 2.58674693 159.67030334
146.03439331 2.69593000 159.66560364
146.03359985 2.82953906 159.66560364
145.97909546 2.65785909 159.66749573
146.04859924 2.73324203 159.66510010
145.94949341 2.83779311 159.66850281
146.11199951 2.98612499 159.66290283
145.89750671 3.10629892 159.67039490
145.54449463 1.99656296 159.62010193
145.90769958 2.04906797 159.60569763
145.88490295 2.32232499 159.60659790
145.87939453 2.45679307 159.60679626
145.89320374 2.58722711 159.60629272
146.00349426 2.65294290 159.60189819
146.06939697 2.72911596 159.59919739
145.56489563 1.99121404 159.55670166
146.00650024 2.02681804 159.53689575
145.91380310 2.58290195 159.54100037
146.03089905 2.69549799 159.53579712
145.89289856 2.67237711 159.54200745
146.14450073 2.71540403 159.53070068
145.64129639 1.97304595 159.49020386
146.42539978 2.03045011 160.45489502
146.42739868 2.00945807 160.33839417
146.27839661 2.68468404 160.55310059
146.34719849 1.88342297 160.34010315
146.45469666 1.97836804 160.18359375
146.28489685 2.58014202 160.43080139
146.36369324 2.68910098 160.31610107
146.17250061 1.93241298 160.48159790
145.95109558 2.28293395 160.80760193
146.20520020 2.45578003 160.43350220
146.21850586 2.58446908 160.41400146
146.32760620 2.63503194 160.25329590
145.87680054 2.03136396 160.80720520
145.90130615 2.15214992 160.77070618
145.90969849 2.27928495 160.75830078
146.06770325 2.35258698 160.52299500
146.18359375 2.44501305 160.35060120
146.05780029 2.88117003 160.53779602
146.14270020 3.19645596 160.41130066
146.22869873 3.52065206 160.28340149
145.94929504 1.84760702 160.58650208
145.97290039 1.97085702 160.55099487
145.84559631 2.15384412 160.74270630
145.82940674 2.29014707 160.76699829
145.85459900 2.41050911 160.72900391
145.77400208 2.56773996 160.85040283
146.16349792 2.56749892 160.26420593
146.01310730 2.87883306 160.49049377
146.24899292 2.62535596 160.13549805
146.05310059 3.12030411 160.43029785
146.09950256 3.19381595 160.36050415
146.05459595 3.29122090 160.42810059
146.11039734 3.53487611 160.34410095
146.07710266 3.62754703 160.39419556
146.15049744 3.69807506 160.28370667
145.81469727 1.88299704 160.67689514
145.73910522 2.04584193 160.79190063
145.97680664 2.08128500 160.43029785
145.75860596 2.29751396 160.76229858
145.82249451 2.40342498 160.66510010
145.70089722 2.57538104 160.85000610
146.05470276 2.58566403 160.31179810
146.26849365 2.65112996 159.98649597
145.97569275 2.87422299 160.43190002
145.96290588 3.00848889 160.45150757
146.00379944 2.77466989 160.38929749
145.99330139 2.95038509 160.40510559
145.94830322 3.04922700 160.47360229
145.99890137 3.12058592 160.39660645
146.08470154 3.18357491 160.26620483
146.10719299 3.35089397 160.23190308
146.02470398 3.45657492 160.35740662
145.90199280 3.65335894 160.54409790
146.14120483 3.77543902 160.18020630
145.70610046 2.16829705 160.73010254
145.75779724 2.27807689 160.65049744
145.76449585 2.40562606 160.64030457
145.69520569 2.55952811 160.74690247
146.05130005 2.56885791 160.19909668
146.05880737 2.70002007 160.18750000
145.93820190 2.86953211 160.37309265
146.21299744 2.69037104 159.95019531
145.91290283 2.95851207 160.41200256
145.86129761 3.05906200 160.49130249
145.98460388 3.10974407 160.30160522
146.01759338 3.18706894 160.25090027
146.09970093 3.25235391 160.12449646
146.00369263 3.36300802 160.27220154
145.97360229 3.45599794 160.31849670
145.92640686 3.55205107 160.39109802
145.84730530 3.65380597 160.51280212
145.82029724 3.74318409 160.55439758
145.95339966 0.24161839 160.23139954
145.95910645 0.38143739 160.22259521
145.96369934 0.52127677 160.21549988
145.97509766 0.65652192 160.19769287
145.76570129 1.99142396 160.52340698
145.65299988 2.16886902 160.69880676
145.73399353 2.26714110 160.57279968
145.62919617 2.43633103 160.73579407
145.73120117 2.52862906 160.57719421
145.60499573 2.70055294 160.77349854
146.01980591 2.69509602 160.12829590
146.19749451 2.77480412 159.85189819
145.72839355 3.04518104 160.58160400
146.04440308 2.63873291 160.08990479
145.76280212 2.98771906 160.52810669
145.81799316 3.05625105 160.44209290
145.97779846 3.09658194 160.19360352
145.96040344 3.18789411 160.22059631
145.86410522 3.29908705 160.37049866
145.86320496 3.38443589 160.37190247
145.86720276 3.46846104 160.36560059
145.86500549 3.55386209 160.36900330
145.78669739 3.65548491 160.49079895
145.82409668 3.73165393 160.43269348
145.88780212 0.24882790 160.21470642
145.89630127 0.38670579 160.20140076
145.89799500 0.52805579 160.19859314
145.90299988 0.66679090 160.19079590
145.91310120 0.80206537 160.17489624
145.91589355 0.94092298 160.17050171
145.92239380 1.07721603 160.16020203
145.93449402 1.21022904 160.14129639
145.96310425 1.33485496 160.09629822
145.92559814 1.49122703 160.15530396
145.92170715 1.63031900 160.16140747
145.59979248 1.90878403 160.66769409
145.81629944 1.94767404 160.32719421
145.64079285 2.15273905 160.60319519
145.70320129 2.25867510 160.50500488
145.62159729 2.41991305 160.63340759
145.67419434 2.53021502 160.55070496
145.57499695 2.69326901 160.70669556
145.92080688 2.70933008 160.16279602
145.74380493 2.89613509 160.44119263
145.71919250 3.03268003 160.47990417
145.92080688 2.66187596 160.16279602
145.92129517 2.74913096 160.16200256
145.91870117 2.83720303 160.16610718
145.68420410 2.99557590 160.53500366
145.72380066 3.06828189 160.47270203
145.93539429 3.09316301 160.13980103
145.95759583 3.17390895 160.10490417
145.75100708 3.31457400 160.42979431
145.79750061 3.38747001 160.35679626
145.79190063 3.47364092 160.36549377
145.79010010 3.55871797 160.36830139
145.80949402 3.63904905 160.33779907
145.78480530 3.72876596 160.37669373
145.83149719 3.80389810 160.30320740
145.77229309 3.89948606 160.39630127
145.90759277 0.91552621 160.06250000
145.88459778 1.20772505 160.09899902
145.88209534 1.34778702 160.10310364
145.75079346 1.95265901 160.31179810
145.58450317 2.15432596 160.57640076
145.84939575 2.31477594 160.15499878
145.59289551 2.54046798 160.56300354
145.53779602 2.68828106 160.65080261
145.91490173 2.69352603 160.05090332
145.84919739 2.84734297 160.15539551
145.62080383 3.04588509 160.51870728
145.86239624 2.66316795 160.13439941
145.62289429 2.99820304 160.51539612
145.84249878 3.01754808 160.16610718
145.88090515 3.09310293 160.10490417
145.89689636 3.17550492 160.07949829
145.92250061 3.25557899 160.03869629
145.67739868 3.40418911 160.42869568
145.68479919 3.48652792 160.41690063
145.93699646 3.51269698 160.01579285
145.76280212 3.63750505 160.29269409
145.77909851 3.71883798 160.26690674
145.61320496 1.98867702 160.41299438
145.73829651 2.06912994 160.21180725
145.69679260 2.35182905 160.27850342
145.62100220 2.64165092 160.40040588
145.77859497 2.72002292 160.14689636
145.57899475 2.91418600 160.46809387
145.81019592 2.97484899 160.09609985
145.80490112 2.66408706 160.10459900
145.77169800 2.76245093 160.15809631
145.79429626 2.84201288 160.12170410
145.67050171 2.96714091 160.32080078
145.80079651 3.01366591 160.11109924
145.79280090 3.10261607 160.12409973
145.81289673 3.18347311 160.09170532
145.74949646 3.28672194 160.19369507
145.66000366 3.39505792 160.33760071
145.61900330 3.48954201 160.40370178
145.74929810 3.54333091 160.19410706
145.76370239 3.62540197 160.17089844
145.73480225 3.71677089 160.21740723
145.53109741 2.00116301 160.42700195
145.91459656 1.97305095 159.80299377
145.61489868 2.36246204 160.29060364
145.70559692 2.46104407 160.14309692
145.60159302 2.62984991 160.31230164
145.64790344 2.74511099 160.23699951
145.51770020 2.91674900 160.44880676
145.74749756 2.97713900 160.07490540
145.70120239 2.68092799 160.15020752
145.71240234 2.76399398 160.13200378
145.76579285 2.92067909 160.04510498
145.76300049 3.00854111 160.04969788
145.76319885 3.09532309 160.04939270
145.77079773 3.17990088 160.03700256
145.65699768 3.29687309 160.22210693
145.61560059 3.39268208 160.28950500
145.58419800 3.48499799 160.34060669
145.66239929 3.55088592 160.21330261
145.67320251 3.63340211 160.19580078
145.63070679 1.79945505 160.14300537
145.41909790 2.02683401 160.49119568
145.88619995 1.96127105 159.72250366
145.45660400 2.40258503 160.42950439
145.54849243 2.49863505 160.27830505
145.55679321 2.62666607 160.26460266
145.55320740 2.75854707 160.27049255
145.70429993 2.97359800 160.02189636
145.56430054 2.70954299 160.25230408
145.54699707 2.80122709 160.28070068
145.76170349 2.81687188 159.92750549
145.73970032 2.91153097 159.96369934
145.70039368 3.01078105 160.02830505
145.77209473 3.07661700 159.91029358
145.65190125 3.19773006 160.10820007
145.59550476 3.29880309 160.20089722
145.60510254 3.38147998 160.18519592
145.63569641 3.45903707 160.13479614
145.59240723 3.55455899 160.20599365
145.63459778 3.62983394 160.13659668
145.60409546 3.72142100 160.18679810
145.62010193 1.77916706 160.03669739
145.40840149 2.00820088 160.38920593
145.79110718 1.97745502 159.75210571
145.81530762 2.10523295 159.71180725
145.38059998 2.41142011 160.43539429
145.44670105 2.51629400 160.32530212
145.82789612 2.51189590 159.69079590
145.48089600 2.76465988 160.26840210
145.70959473 2.82183790 159.88769531
145.51339722 2.70837593 160.21420288
145.45939636 2.81262493 160.30419922
145.75320435 2.80132198 159.81520081
145.67230225 2.91525602 159.94990540
145.66569519 3.00447798 159.96080017
145.70970154 3.07853603 159.88760376
145.55700684 3.20901990 160.14169312
145.76449585 3.23817706 159.79629517
145.72090149 3.33717990 159.86889648
145.57749939 3.45988607 160.10760498
145.55729675 3.54997802 160.14129639
145.59489441 3.62642002 160.07859802
145.57429504 1.77476096 159.98800659
145.56539917 1.91451502 160.00300598
145.53210449 2.06379509 160.05900574
145.34939575 2.40274405 160.36659241
145.52560425 2.46668601 160.06990051
145.45060730 2.75657296 160.19619751
145.66740417 2.81736207 159.83110046
145.45089722 2.71124005 160.19569397
145.53349304 2.76873899 160.05659485
145.61410522 2.91602302 159.92100525
145.60339355 3.00650811 159.93899536
145.55020142 3.19532800 160.02850342
145.68490601 3.33190298 159.80180359
145.58000183 1.74613094 159.85099792
145.47529602 1.93000805 160.02940369
145.38340759 2.36813998 160.18589783
145.52810669 2.44497609 159.93949890
145.59240723 2.95681310 159.82980347
145.51640320 1.74957800 159.83120728
145.46740723 1.90847898 159.91549683
145.62080383 1.97715902 159.65109253
145.31230164 2.37468290 160.18280029
145.41549683 1.77065301 159.87640381
145.35980225 2.06642103 159.97360229
145.24749756 2.37876606 160.16940308
146.55050659 2.45501208 160.02430725
146.50369263 2.32814503 160.07890320
146.47700500 2.44804811 160.01469421
146.53439331 1.97845197 160.31700134
146.45140076 2.33170700 160.11970520
146.35760498 2.68767190 159.89700317
146.50720215 2.70892096 160.25230408
146.30200195 2.79112697 159.76489258
146.50880432 1.99719298 160.41709900
146.16610718 1.93864703 159.61439514
146.52349854 2.78707099 160.45140076
146.49490356 2.73012495 160.38459778
146.26409912 2.80098510 159.84399414
146.32159424 1.78774905 160.14190674
146.43409729 1.98732603 160.40170288
146.35969543 2.34487510 160.22990417
146.40159607 2.49739790 160.32670593
146.42489624 2.63905001 160.38040161
146.17190552 2.65914798 159.79620361
146.46260071 2.74165797 160.46760559
146.24029541 3.07936096 159.95399475
146.31019592 3.19227695 160.11549377
146.39199829 1.86370206 160.46150208
146.38279724 1.99086201 160.44079590
146.25619507 2.32243896 160.15229797
146.36369324 2.50686002 160.39709473
146.32899475 2.62172508 160.31799316
146.21060181 2.65399289 160.04840088
146.20790100 3.00263906 160.04240417
146.25190735 3.19252396 160.14259338
146.33489990 3.30747199 160.33149719
146.31329346 3.55486012 160.28239441
146.25349426 3.62225008 160.14610291
146.38240051 1.75961304 160.59370422
146.21380615 1.79339397 160.21490479
146.02580261 1.96214902 159.79249573
146.10690308 2.27797103 159.97479248
146.29870605 2.63410711 160.40570068
145.92109680 2.60400200 159.55720520
146.04809570 2.79342294 159.84269714
146.15069580 2.96754408 160.07319641
146.06129456 2.61399007 159.87229919
146.19050598 3.01885891 160.16259766
146.13659668 3.08523893 160.04150391
146.16760254 3.26987600 160.11109924
146.21499634 3.37181997 160.21749878
146.22909546 3.46181607 160.24929810
146.25469971 3.55471301 160.30679321
146.19889832 3.62347293 160.18150330
146.23109436 3.71762800 160.25379944
145.97259521 1.96609294 159.83599854
146.22650146 2.36510396 160.39880371
146.28179932 2.65206909 160.52139282
146.05360413 2.68563104 160.01550293
146.10169983 2.97138691 160.12210083
146.01600647 2.62051702 159.93209839
146.00059509 2.79157710 159.89799500
146.10279846 2.92076802 160.12460327
146.12269592 3.01536393 160.16850281
146.15789795 3.20083690 160.24659729
146.17320251 3.37726998 160.28070068
146.17210388 3.46220899 160.27810669
146.18739319 3.55195498 160.31210327
146.11689758 3.61684990 160.15580750
146.10960388 1.93534696 160.29499817
146.22669983 2.13093805 160.55090332
145.86700439 2.08140612 159.76429749
146.20399475 2.38192010 160.50140381
146.04359436 2.43904710 160.15060425
146.20779419 2.64456701 160.50959778
146.16900635 2.88848209 160.42469788
146.00559998 2.95752692 160.06739807
146.00059509 2.63986206 160.05650330
145.99420166 2.98895693 160.04240417
146.14219666 3.13042092 160.36619568
146.19790649 3.23525691 160.48809814
146.17140198 3.31073999 160.42999268
146.09599304 3.37111402 160.26519775
146.06449890 3.44698191 160.19630432
146.14370728 3.55614805 160.36950684
146.14059448 3.63992095 160.36259460
145.99180603 3.68492603 160.03720093
145.99189758 0.22744130 160.19290161
145.98649597 0.36684859 160.18119812
145.98530579 0.50890088 160.17849731
145.98449707 0.65052289 160.17680359
145.98390198 0.79152381 160.17550659
145.97470093 0.92587048 160.15570068
145.96969604 1.06272697 160.14489746
145.95730591 1.19426799 160.11799622
145.95410156 1.47021401 160.11120605
145.96130371 1.61248696 160.12680054
145.96260071 1.75050402 160.12950134
146.14529419 1.98599100 160.52389526
146.16610718 2.12894797 160.56869507
146.13130188 2.24293494 160.49369812
146.17509460 2.39527893 160.58830261
145.97579956 2.43494511 160.15809631
146.08880615 2.61775899 160.40190125
145.96850586 2.69946909 160.14239502
145.95509338 2.82754302 160.11349487
145.99150085 2.97411990 160.19189453
146.09579468 2.79225492 160.41700745
146.11019897 3.13966107 160.44799805
146.08549500 3.21610093 160.39489746
146.11799622 3.31205297 160.46490479
146.02810669 3.36800790 160.27079773
146.05140686 3.46082306 160.32119751
146.03970337 3.54266691 160.29589844
146.05580139 3.63241911 160.33070374
145.96369934 3.69314599 160.13189697
145.93499756 0.37231150 160.22349548
145.93409729 0.51451242 160.22169495
145.92919922 0.65293008 160.21119690
145.90490723 0.91825491 160.15950012
145.90499878 1.05877101 160.15969849
145.89610291 1.19283903 160.14079285
145.88960266 1.32809305 160.12699890
145.89759827 1.47165000 160.14379883
146.08369446 1.98343205 160.54029846
146.08309937 2.11544609 160.53909302
146.09350586 2.25232792 160.56100464
145.89529419 2.42515206 160.13900757
146.03030396 2.61729598 160.42649841
145.87789917 2.68649507 160.10180664
146.07009888 2.89452410 160.51119995
145.90440369 2.96370697 160.15829468
146.02029419 2.78482294 160.40530396
146.01690674 2.95543408 160.39799500
145.92489624 3.00716901 160.20210266
146.04429626 3.13656211 160.45620728
146.07600403 3.23252392 160.52380371
146.07359314 3.31625509 160.51879883
145.96170044 3.36539888 160.28030396
145.99589539 3.46153498 160.35330200
146.06629944 3.56699991 160.50320435
145.97079468 3.62497902 160.29980469
145.90440369 3.69303203 160.15840149
146.00489807 1.83845496 160.52070618
146.04519653 1.99307895 160.60549927
146.07580566 2.14052200 160.66979980
145.96389771 2.21688008 160.43469238
145.81700134 2.68571210 160.12570190
145.84809875 2.83160591 160.19119263
145.94830322 2.95119810 160.40179443
145.96859741 3.04456091 160.44450378
145.99839783 3.14055300 160.50709534
145.77960205 3.15134907 160.04710388
146.02130127 3.31772995 160.55529785
145.90179443 3.36484694 160.30409241
145.95419312 3.46630502 160.41430664
146.02200317 3.57060194 160.55679321
145.92970276 3.62953401 160.36259460
145.95440674 3.72101402 160.41470337
145.99879456 1.99828804 160.65330505
145.68490601 1.97233605 160.00190735
145.93269348 2.22940302 160.51620483
145.77250671 2.28779507 160.18389893
145.92689514 2.49061990 160.50419617
145.92599487 2.62156010 160.50230408
145.77070618 2.69071102 160.18009949
145.97129822 3.02936411 160.59629822
145.75680542 2.72485900 160.15130615
145.96429443 2.97879004 160.58180237
145.88789368 3.03604794 160.42329407
145.74119568 3.15832806 160.11889648
145.97639465 3.32149792 160.60679626
145.84550476 3.36533189 160.33529663
145.91209412 3.47079206 160.47349548
145.89059448 3.63451290 160.42889404
145.91479492 3.72553992 160.47920227
145.89129639 1.97169995 160.57550049
145.92860413 2.12299299 160.65179443
145.92939758 2.25486398 160.65350342
145.90319824 2.37396002 160.59989929
145.88459778 2.49694395 160.56179810
145.89649963 2.63289809 160.58610535
145.88189697 3.01771092 160.55619812
145.70689392 2.72832489 160.19769287
145.88859558 2.97165489 160.57000732
145.83450317 3.03744698 160.45919800
145.56489563 3.03013396 159.90679932
145.66259766 3.15175009 160.10690308
145.72869873 3.26056910 160.24240112
145.78280640 3.36382890 160.35330200
145.79240417 3.45249104 160.37280273
145.70840454 3.51471901 160.20080566
145.84919739 3.63873005 160.48930359
145.86320496 3.72689605 160.51800537
145.74749756 3.78358889 160.28080750
145.82620239 1.83379102 160.58599854
145.95410156 2.03283501 160.84469604
145.89999390 2.26747704 160.73530579
145.87849426 2.38824201 160.69189453
145.83599854 2.50037098 160.60589600
145.85699463 2.63984895 160.64830017
145.63510132 2.68340707 160.19960022
145.57110596 2.79389501 160.07009888
145.78759766 3.00452995 160.50790405
145.71800232 2.66856098 160.36720276
145.78109741 2.95289302 160.49490356
145.79190063 3.04255891 160.51660156
145.58070374 3.23227310 160.08959961
145.73469543 3.36668992 160.40100098
145.74310303 3.45488501 160.41810608
145.62040710 3.50655508 160.16979980
145.77839661 3.63507104 160.48939514
145.80549622 3.72666502 160.54420471
145.78070068 1.83959198 160.63630676
145.85769653 2.01191497 160.78999329
145.73579407 2.08367991 160.54649353
145.86579895 2.27747202 160.80599976
145.82560730 2.38955593 160.72579956
145.75999451 2.49199390 160.59480286
145.74319458 2.61644912 160.56129456
145.62399292 2.70164609 160.32330322
145.73809814 3.00706506 160.55099487
145.67529297 2.67454410 160.42559814
145.58880615 2.72777605 160.25300598
145.73910522 2.95829296 160.55299377
145.74609375 3.04642701 160.56709290
145.66090393 3.36178589 160.39700317
145.66130066 3.44785404 160.39770508
145.76840210 1.99482095 160.75109863
145.44799805 1.97221005 160.11929321
145.64239502 2.19982100 160.50270081
145.66830444 2.34465289 160.55380249
145.71640015 2.49735999 160.64869690
145.71580505 2.62813592 160.64750671
145.53280640 2.68887305 160.28669739
145.64660645 2.99511099 160.51100159
145.59590149 2.66568398 160.41110229
145.50759888 2.71882200 160.23689270
145.67860413 2.95687008 160.57409668
145.67820740 3.04244399 160.57330322
145.59770203 3.53199697 160.41450500
145.65409851 1.96560895 160.66549683
145.53729248 2.04288697 160.43800354
145.62840271 2.35194898 160.61549377
145.66200256 2.49803996 160.68080139
145.68269348 2.63728094 160.72120667
145.40429688 2.70152998 160.17900085
145.55740356 2.93374705 160.47720337
145.60220337 1.96761501 160.70260620
145.46839905 2.03730607 160.44529724
145.47200012 2.44259906 160.45219421
145.59320068 2.70945501 160.68539429
145.40400696 2.43807292 160.46159363
145.31950378 2.42690396 160.44059753
145.92100525 2.40536308 159.44079590
145.94380188 2.41221309 159.51170349
146.14610291 2.75748491 159.54899597
146.26159668 1.94347203 159.63499451
146.06599426 2.43824506 159.60000610
146.20179749 2.68276501 159.62429810
146.25709534 1.94506705 159.69889832
145.70950317 1.95772803 159.60369873
145.87730408 2.40396309 159.63290405
145.97709656 2.55781293 159.65020752
146.04519653 1.89878297 159.72770691
145.97369385 2.01869106 159.71560669
146.15109253 2.32586694 159.74549866
145.98880005 2.42773509 159.71820068
146.15089417 2.59191489 159.74549866
146.01440430 2.96652293 159.72250366
145.99719238 3.17385793 159.71960449
145.91450500 3.51026511 159.70559692
146.06320190 1.90543699 159.79620361
145.70010376 1.96066904 159.73680115
146.14770508 2.32736707 159.80999756
146.01069641 2.43407011 159.78759766
145.97590637 2.56167698 159.78190613
146.22030640 2.73835397 159.82179260
145.86999512 2.81150699 159.76460266
146.01770020 2.96875095 159.78869629
145.81399536 2.88387203 159.75540161
146.06599426 3.27200890 159.79660034
145.83439636 3.32684302 159.75880432
146.24240112 1.94906402 159.88980103
146.36959839 2.37436604 159.91000366
146.00090027 2.56822610 159.85159302
146.11570740 2.72187901 159.86979675
145.82420349 2.80568504 159.82369995
146.04969788 2.97541189 159.85929871
146.22760010 2.69551301 159.88749695
146.24479675 2.78487206 159.89019775
145.87159729 2.80706000 159.83120728
145.85169983 2.89186597 159.82800293
145.84970093 2.97960496 159.82769775
146.12820435 3.11021304 159.87179565
146.09390259 3.27743006 159.86630249
146.30839539 1.96653605 159.96420288
146.57429504 2.41774893 160.00489807
145.83509827 2.80920196 159.89179993
145.99839783 2.96897888 159.91679382
146.09129333 2.75947690 159.93099976
146.15690613 3.11615801 159.94110107
146.05999756 3.27407503 159.92619324
146.29879761 3.56172299 159.96279907
146.08549500 1.91755903 159.99510193
146.43539429 2.39157891 160.04690552
145.95610046 2.42944002 159.97599792
146.37469482 2.64057708 160.03790283
145.93479919 2.69374609 159.97279358
146.23309326 3.00723696 160.01699829
146.34469604 2.72049499 160.03349304
145.95930481 2.73785901 159.97650146
145.80900574 2.88816810 159.95419312
146.26699829 3.04916501 160.02200317
146.14930725 3.11648202 160.00459290
146.37939453 3.23620701 160.03860474
146.44110107 3.32927608 160.04769897
146.30619812 3.56382394 160.02780151
145.93850708 0.91580588 160.03909302
145.88989258 1.32239795 160.03210449
146.42860413 1.86620796 160.10899353
145.98480225 1.89657998 160.04570007
145.66569519 1.96210694 160.00010681
146.29660034 2.23347211 160.09019470
146.59069824 2.42476201 160.13209534
146.23379517 2.48477292 160.08120728
146.33210754 2.63443208 160.09519958
146.18020630 3.00040507 160.07350159
146.02810669 2.66434312 160.05180359
146.07460022 2.93351102 160.05850220
146.25140381 3.04815197 160.08369446
145.98240662 3.09237003 160.04530334
146.41059875 3.24213004 160.10639954
146.22770691 3.30044389 160.08030701
146.19569397 3.46631598 160.07580566
146.30909729 3.56531811 160.09190369
146.15980530 3.63197494 160.07060242
146.00410461 3.69956112 160.04840088
145.96519470 0.21404511 160.10830688
145.95089722 0.35335031 160.10629272
145.94990540 0.78079402 160.10620117
145.96760559 0.92707878 160.10859680
145.97189331 1.06847703 160.10920715
145.94990540 1.61693501 160.10620117
146.43330383 1.86941600 160.17269897
146.46919250 2.00974703 160.17759705
146.46690369 2.27124190 160.17730713
146.40649414 2.38936400 160.16900635
146.33599854 2.50616789 160.15930176
146.26679993 2.62406802 160.14979553
146.03529358 2.71451592 160.11799622
146.18960571 3.00328112 160.13920593
145.84330750 2.72065496 160.09150696
146.16189575 2.94937706 160.13540649
146.24310303 3.04824591 160.14649963
146.07749939 3.10829306 160.12370300
146.00480652 3.18379402 160.11380005
146.35079956 3.31906390 160.16140747
146.08099365 3.36689305 160.12420654
146.23199463 3.47216010 160.14500427
146.21159363 3.55437589 160.14219666
146.29409790 3.64881802 160.15350342
146.18550110 3.80549788 160.13859558
145.95239258 0.92516589 160.17199707
145.89630127 1.18946195 160.16450500
145.94569397 1.75513899 160.17109680
146.35699463 1.98595905 160.22549438
145.94459534 2.02744699 160.17089844
145.94659424 2.16336012 160.17120361
146.44349670 2.39849901 160.23699951
146.38679504 2.51757002 160.22950745
146.40730286 2.65138292 160.23219299
145.94850159 2.70089698 160.17140198
145.95790100 2.83566308 160.17269897
146.19960022 3.00617099 160.20469666
145.94599915 2.65260100 160.17109680
145.95129395 2.74126101 160.17179871
146.16700745 2.95161891 160.20039368
146.20799255 3.04402304 160.20579529
146.29840088 3.14335299 160.21780396
146.09350586 3.19809103 160.19059753
146.31530762 3.31524396 160.22000122
146.24589539 3.39031911 160.21080017
146.25199890 3.47584009 160.21159363
145.70050049 3.49240708 160.13859558
145.98089600 3.61301899 160.17570496
146.19070435 3.80695391 160.20350647
146.35029602 1.85354495 160.28790283
146.55130005 2.03229094 160.31350708
145.94720459 2.16523695 160.23660278
146.25810242 2.36276293 160.27619934
146.41650391 2.52481008 160.29629517
146.44369507 2.65951991 160.29980469
145.93350220 2.83301997 160.23489380
146.45460510 2.74682093 160.30119324
145.90980530 2.91066504 160.23190308
146.28660583 3.05778098 160.27980042
146.28610229 3.14269400 160.27969360
146.16600037 3.20993805 160.26449585
146.40159607 3.32853389 160.29440308
146.20809937 3.38632011 160.26980591
146.21719360 3.47239900 160.27099609
146.33189392 3.57125497 160.28559875
146.16619873 3.63574791 160.26449585
146.32760620 1.84997296 160.34829712
146.57029724 2.03835702 160.37800598
146.17599487 2.21506906 160.32980347
146.23820496 2.36032009 160.33740234
146.42210388 2.52735996 160.35989380
146.50819397 2.67272091 160.37040710
146.02879333 2.85003591 160.31190491
145.95719910 2.97084188 160.30310059
146.49870300 2.75623798 160.36920166
145.98240662 2.92389607 160.30619812
145.86549377 2.99228311 160.29190063
146.12660217 3.11954808 160.32380676
146.17590332 3.21252990 160.32980347
146.40260315 3.32975292 160.35749817
145.91789246 3.34822798 160.29829407
146.19279480 3.47024989 160.33189392
146.32209778 3.57099104 160.34770203
146.12100220 3.63135600 160.32310486
146.33990479 1.72141898 160.41299438
146.42320251 1.87446797 160.42269897
146.56080627 2.03784108 160.43879700
145.94619751 2.03302002 160.36689758
146.06469727 2.19320798 160.38079834
146.19859314 2.35384202 160.39649963
146.36259460 2.51732206 160.41560364
146.40719604 2.65554500 160.42089844
146.54420471 2.80863595 160.43690491
146.17039490 2.87462592 160.39320374
145.94920349 2.97078109 160.36729431
146.50579834 2.75885391 160.43240356
145.95520020 2.92066312 160.36799622
145.96400452 3.00908899 160.36900330
146.13209534 3.12152195 160.38870239
146.20419312 3.21776700 160.39709473
146.16200256 3.29693103 160.39219666
145.85389709 3.34061694 160.35609436
146.24270630 3.47763896 160.40159607
146.03050232 3.53601003 160.37680054
146.14199829 3.71953702 160.38980103
145.81599426 3.85640407 160.35169983
146.37330627 1.73140895 160.47990417
146.13330078 1.94167399 160.45300293
146.06159973 2.05993009 160.44500732
146.12030029 2.20639896 160.45159912
146.15109253 2.34569907 160.45500183
146.34759521 2.51577902 160.47700500
146.29400635 2.63612509 160.47099304
146.11990356 2.86746502 160.45150757
145.85549927 2.95730591 160.42190552
146.48939514 2.75711489 160.49279785
145.66169739 2.69573307 160.40029907
145.80369568 2.89698911 160.41610718
146.02130127 3.10571790 160.44050598
146.18780518 3.21638608 160.45910645
146.07479858 3.28567004 160.44650269
146.05149841 3.36821890 160.44389343
145.92289734 3.43733907 160.42950439
146.06509399 3.54114294 160.44540405
145.89840698 3.60699105 160.42669678
145.94410706 3.69829988 160.43179321
146.37640381 1.73381102 160.54299927
146.09950256 1.93550301 160.51350403
145.84129333 2.01311994 160.48590088
146.16450500 2.21711111 160.52040100
146.18559265 2.35398602 160.52270508
146.24130249 2.49666691 160.52859497
146.26460266 2.63197398 160.53109741
146.01809692 2.85182309 160.50480652
145.93350220 2.97053099 160.49580383
146.21710205 2.70879889 160.52600098
145.97009277 3.01227093 160.49969482
145.97470093 3.09967589 160.50019836
146.19250488 3.21806598 160.52340698
146.04670715 3.28267908 160.50779724
146.07980347 3.37293696 160.51139832
146.03450012 3.53822589 160.50650024
145.87510681 3.69138503 160.48950195
146.37950134 1.73611104 160.60609436
146.05369568 1.92649305 160.57299805
145.80589294 2.00677896 160.54789734
146.15870667 2.21723509 160.58369446
146.12049866 2.34219909 160.57980347
145.76119995 2.40582108 160.54330444
146.00830078 2.58629894 160.56840515
146.19599915 2.70610905 160.58749390
145.97070313 3.01339602 160.56460571
146.06860352 3.37229300 160.57449341
146.01119995 3.53614902 160.56869507
145.92100525 1.89757597 160.62460327
145.93640137 2.03671598 160.62609863
145.86120605 2.15603709 160.61880493
145.95530701 2.31023788 160.62789917
145.69819641 2.39493704 160.60310364
145.80459595 2.55021191 160.61340332
145.95989990 2.97657800 160.62829590
145.88510132 2.65071297 160.62109375
146.01879883 3.36640596 160.63400269
145.97210693 2.04578400 160.69419861
145.89599609 2.29948092 160.68730164
145.80990601 2.55223894 160.67939758
145.65550232 2.65983391 160.66529846
145.69180298 2.61664701 160.66859436
145.96560669 2.04551601 160.75830078
145.72659302 2.53803301 160.73770142
145.95899963 2.04516697 160.82240295
145.62669373 1.94572902 159.59840393
145.88789368 2.40912509 159.40800476
145.59770203 1.76840401 159.81959534
145.72000122 1.94576001 159.68490601
145.29719543 2.35816908 160.15010071
145.66209412 3.19849801 159.74870300
145.85679626 1.97627604 159.62800598
145.80560303 2.09217405 159.68490601
145.94329834 2.39838195 159.53190613
145.92950439 2.65416908 159.54719543
145.70689392 2.98946095 159.79460144
145.76190186 2.78057408 159.73350525
145.73030090 3.03122091 159.76860046
145.76449585 3.12494111 159.73060608
145.55079651 1.99323702 160.06619263
145.95320129 2.38750410 159.61430359
145.48129272 2.38261104 160.14419556
145.82490540 3.00586700 159.75840759
145.84300232 2.78948998 159.73809814
145.78930664 2.86172199 159.79840088
145.82569885 3.12813902 159.75750732
145.88699341 3.48076391 159.68870544
145.98049927 1.85391295 159.67790222
145.94560242 1.97461796 159.71749878
145.94639587 2.37133598 159.71659851
145.63710022 2.41331911 160.06750488
145.97099304 2.64008188 159.68870544
146.02490234 2.78416705 159.62759399
145.86129761 2.87255812 159.81309509
146.00120544 3.03604603 159.65440369
146.13380432 2.77001595 159.50399780
145.98730469 2.81515503 159.67019653
145.97610474 2.98228002 159.68290710
145.85470581 3.03821611 159.82060242
145.94920349 3.14556503 159.71350098
145.70379639 3.17630696 159.99180603
145.85609436 3.29524398 159.81900024
145.93139648 3.48025990 159.73370361
146.07989502 2.00473595 159.65939331
146.10339355 2.40472507 159.63250732
145.64649963 2.40184903 160.15609741
146.05419922 2.65005994 159.68890381
146.08720398 2.78827310 159.65100098
146.00579834 2.89667511 159.74429321
146.01530457 3.02832890 159.73339844
146.03019714 2.72884297 159.71629333
146.07749939 2.82665801 159.66209412
146.04460144 2.98761392 159.69979858
145.81149292 3.01645589 159.96699524
145.97500610 3.14064789 159.77960205
145.88890076 3.20653200 159.87820435
145.92089844 3.46901488 159.84159851
146.16430664 1.88633394 159.65690613
146.18249512 2.02408195 159.63589478
145.65440369 1.97857594 160.24740601
146.13240051 2.39928198 159.69389343
146.12919617 2.78696609 159.69760132
145.96560669 2.87473607 159.88699341
145.80670166 2.96773410 160.07099915
146.06300354 2.72486401 159.77420044
145.99079895 2.79089904 159.85780334
146.03019714 2.97225189 159.81219482
146.03579712 3.05877709 159.80569458
146.07829285 3.15358090 159.75650024
145.99090576 3.30361295 159.85769653
145.93229675 3.37655401 159.92559814
145.94320679 3.54912090 159.91299438
145.84390259 3.61642599 160.02789307
145.93209839 0.95981461 160.02400208
145.89849854 1.22322202 160.06329346
145.89509583 1.36009896 160.06730652
146.26019287 1.90413105 159.64019775
145.75149536 1.99442101 160.23519897
146.19779968 2.40492105 159.71319580
146.21040344 2.66734910 159.69850159
146.01220703 2.74333906 159.93029785
146.01710510 2.87558889 159.92460632
146.13490295 3.03423405 159.78680420
146.04020691 2.79128599 159.89750671
146.02499390 2.95897102 159.91529846
146.13130188 3.07033110 159.79100037
145.90190125 3.18787599 160.05920410
146.06449890 3.30913305 159.86909485
145.90739441 3.36146593 160.05290222
145.91279602 3.62002110 160.04660034
145.97619629 3.71638703 159.97239685
145.95339966 0.23847350 160.09820557
145.94720459 0.37868500 160.10549927
145.94430542 0.51987809 160.10890198
145.94320679 0.66122210 160.11030579
145.94839478 0.80479789 160.10409546
145.95390320 0.94760603 160.09750366
145.95730591 1.08859098 160.09359741
145.95269775 1.22544098 160.09899902
145.94830322 1.36181605 160.10420227
145.95239258 1.50105500 160.09930420
146.25329590 1.88443398 159.74380493
146.18409729 1.99161506 159.82560730
145.93760681 2.04040408 160.11680603
145.94560242 2.17793298 160.10740662
146.13800049 2.37179995 159.88000488
145.92990112 2.44151211 160.12600708
146.21830750 2.65631104 159.78509521
146.19119263 2.77828312 159.81719971
145.95309448 2.84713101 160.09849548
146.02830505 2.99728203 160.00959778
146.21699524 2.74128699 159.78669739
146.00050354 2.94059396 160.04249573
146.03359985 3.03493905 160.00349426
146.16040039 3.15053105 159.85350037
145.98150635 3.19475102 160.06500244
146.08959961 3.30417299 159.93719482
145.96209717 3.62009192 160.08790588
146.05180359 3.72102094 159.98190308
145.99549866 0.23470800 160.14819336
145.98570251 0.37311631 160.15989685
145.98710632 0.51664662 160.15820313
145.99360657 0.80288303 160.15040588
146.29660034 2.01447701 159.78869629
146.14680481 2.22736502 159.96749878
146.16639709 2.36564589 159.94419861
146.19169617 2.63530993 159.91389465
146.27209473 2.78717995 159.81799316
145.95320129 2.83458209 160.19869995
146.13670349 3.01164794 159.97959900
146.25660706 2.82393098 159.83639526
146.21000671 3.06622195 159.89199829
146.16209412 3.13960290 159.94929504
146.06860352 3.20338893 160.06089783
146.06289673 3.28781605 160.06770325
146.02250671 3.36500406 160.11590576
146.05130005 3.45657110 160.08160400
145.96260071 3.69726396 160.18750000
145.94569397 3.78041792 160.20770264
146.34950256 2.01633501 159.82220459
145.82209778 1.96713805 160.45829773
146.19960022 2.22873211 160.00289917
146.20050049 2.36113405 160.00190735
146.25599670 2.63983297 159.93499756
145.95050049 2.82113099 160.30340576
146.15179443 3.00349498 160.06069946
146.26809692 2.72869492 159.92030334
146.27340698 2.81538701 159.91389465
146.13349915 2.94950294 160.08270264
146.16859436 3.04413104 160.04029846
146.17460632 3.13106608 160.03309631
146.24040222 3.23137093 159.95370483
146.20620728 3.30843306 159.99499512
146.09880066 3.45623994 160.12449646
146.01159668 3.52499890 160.22970581
146.13720703 3.63403797 160.07820129
146.21499634 3.73239803 159.98440552
146.39559937 2.01571894 159.86369324
146.25650024 2.23139405 160.03329468
146.39039612 2.40560007 159.87010193
146.27420044 2.63116789 160.01170349
146.01649475 2.82518101 160.32569885
146.20230103 3.00385404 160.09930420
146.30200195 2.72456288 159.97779846
146.19239807 3.03788710 160.11140442
146.28610229 3.14599109 159.99719238
146.32780457 3.24027801 159.94639587
146.17759705 3.29139090 160.12950134
146.16110229 3.37336302 160.14959717
146.20520020 3.63750100 160.09570313
145.99279785 3.68515491 160.35470581
146.31500244 1.83590996 160.06140137
146.36399841 1.98696196 160.00109863
145.93620300 1.97117400 160.52780151
146.32850647 2.23901200 160.04479980
146.40119934 2.39375401 159.95530701
145.87449646 2.36455703 160.60389709
146.29339600 2.62261605 160.08799744
145.74920654 2.60438895 160.75810242
146.07609558 2.82753611 160.35560608
146.17810059 2.93549800 160.22999573
146.36079407 3.15219593 160.00509644
146.36349487 3.23730612 160.00169373
146.22700500 3.29136992 160.16979980
146.20840454 3.37286997 160.19270325
146.22270203 3.46127605 160.17509460
146.31709290 3.56481004 160.05880737
146.10110474 3.60915399 160.32490540
146.06629944 3.68916202 160.36779785
146.36689758 1.83694100 160.09750366
146.36979675 1.97133803 160.09390259
146.04260254 1.99024498 160.50109863
146.40010071 2.24650311 160.05630493
146.54010010 2.42254901 159.88200378
146.31480408 2.48281002 160.16239929
146.38369751 2.63450503 160.07659912
146.16600037 2.65709400 160.34759521
146.11129761 2.90507698 160.41560364
145.94619751 2.95119691 160.62109375
146.27270508 3.11909008 160.21479797
146.38710022 3.23144007 160.07240295
146.40960693 3.32101297 160.04440308
146.24899292 3.37090707 160.24420166
146.16110229 3.43851900 160.35360718
146.25970459 3.54400802 160.23100281
146.07739258 3.59536004 160.45779419
146.09970093 3.68609810 160.43009949
146.38110352 1.82354796 160.18110657
146.38409424 1.95854604 160.17720032
146.40400696 2.23131895 160.15220642
146.54750061 2.40942502 159.97169495
146.35890198 2.48107910 160.20899963
146.40910339 2.62754393 160.14570618
146.21099854 2.65544796 160.39489746
146.14399719 2.90028405 160.47909546
146.30020142 3.11362910 160.28269958
146.35850525 3.21323895 160.20939636
146.33009338 3.29213405 160.24519348
146.21449280 3.43906403 160.39050293
146.34129333 3.55020809 160.23100281
146.40679932 1.81432104 160.25079346
146.56809998 2.40031600 160.04580688
146.38999939 2.47525907 160.27220154
146.25149536 2.56663394 160.44810486
146.38090515 2.73642612 160.28370667
146.42759705 2.70389605 160.22439575
146.36239624 3.28810000 160.30720520
146.37429810 1.78249204 160.39610291
146.48280334 1.95809805 160.25669861
146.57299805 2.38590002 160.14089966
146.35589600 2.44904208 160.41969299
146.41929626 2.60109711 160.33819580
146.45329285 2.69670105 160.29460144
146.40780640 1.77571797 160.45779419
146.49119568 1.94250298 160.34959412
146.48460388 2.73717594 160.35820007
146.51109314 2.69888592 160.32380676
146.43460083 2.76316905 160.42309570
146.50810242 1.92981803 160.43249512
146.54359436 2.07704711 160.38589478
146.45440674 2.71410704 160.50289917
146.52220154 2.77369690 160.41400146
145.28050232 2.35640001 160.11639404
145.43879700 2.00980806 160.46119690
145.34039307 2.35753894 160.09509277
145.40280151 2.09150910 160.08320618
145.44000244 2.32847190 160.21919250
145.46899414 2.44072294 160.32479858
145.41709900 1.99767101 159.89920044
145.58749390 2.12844491 160.50860596
145.48719788 2.33937192 160.14990234
145.53790283 2.43611789 160.33120728
145.62919617 2.64489007 160.65800476
145.57609558 2.94733000 160.46789551
145.44360352 1.89449096 159.76429749
145.50619507 1.97375202 159.98379517
145.66859436 2.11480999 160.55380249
145.57220459 2.32221293 160.21539307
145.54679871 2.47330999 160.12640381
145.65679932 2.53254199 160.51220703
145.64489746 2.67536306 160.47059631
145.65660095 2.61864209 160.51150513
145.54930115 2.77596688 160.13490295
145.51510620 1.75227404 159.78869629
145.55749512 1.84844601 159.93449402
145.55999756 1.97927904 159.94329834
145.71760559 2.12568688 160.48579407
145.62750244 2.32685399 160.17559814
145.70750427 2.54074788 160.45100403
145.60099792 2.74161196 160.08439636
145.69650269 2.63380289 160.41299438
145.59120178 2.78811598 160.05079651
145.61019897 3.37729001 160.11619568
145.54809570 1.77528703 159.68159485
145.62730408 1.84056199 159.94900513
145.70649719 1.91039300 160.21650696
145.69439697 2.05493593 160.17559814
145.70680237 2.31433010 160.21789551
145.73440552 2.56384492 160.31080627
145.66140747 2.74201798 160.06449890
145.59719849 2.91016197 159.84750366
145.67790222 2.68564606 160.11990356
145.65710449 3.12825394 160.04989624
145.69000244 3.36857700 160.16079712
145.69560242 3.62292194 160.17990112
145.72770691 3.78183103 160.28829956
145.57569885 1.93223298 159.55979919
145.74760437 2.06119394 160.12989807
145.73170471 2.33988094 160.07719421
145.81100464 2.55479598 160.34010315
145.65339661 2.91226006 159.81750488
145.80479431 2.95963502 160.31959534
145.73820496 2.68621206 160.09880066
145.67300415 2.98245502 159.88229370
145.81689453 2.98885703 160.35960388
145.64179993 3.16823411 159.77900696
145.75720215 3.36592507 160.16160583
145.83030701 3.59344912 160.40400696
145.77810669 3.70033097 160.23109436
145.63229370 1.93374503 159.53599548
145.68930054 2.01919603 159.72180176
145.90040588 1.99325895 160.40919495
145.95440674 2.09169006 160.58540344
145.81820679 2.32255292 160.14160156
145.86860657 2.55774403 160.30569458
145.70300293 2.78925204 159.76660156
145.72290039 2.90682697 159.83110046
145.76899719 3.01135397 159.98139954
145.79859924 2.68669796 160.07769775
145.79389954 2.77610898 160.06239319
145.73150635 3.06806111 159.85920715
145.70370483 3.16702199 159.76870728
145.74090576 3.31698704 159.88989258
145.75570679 3.47918105 159.93800354
145.78570557 3.63598704 160.03579712
145.81179810 3.71091890 160.12089539
145.85319519 3.86724901 160.25549316
145.88330078 0.24761860 160.13459778
145.88619995 0.38742480 160.14419556
145.88810730 0.52778602 160.15020752
145.86920166 1.79215205 160.08979797
145.72430420 2.03759193 159.62620544
145.95469666 2.13606000 160.36309814
145.97239685 2.26033092 160.41990662
145.74630737 2.79860997 159.69650269
145.76249695 2.91790009 159.74809265
145.80749512 3.02278900 159.89230347
145.79200745 2.81292105 159.84269714
145.79640198 3.06543207 159.85679626
145.77749634 3.15971208 159.79640198
145.82569885 3.22042203 159.95039368
145.77990723 3.32687402 159.80389404
145.83760071 3.38492799 159.98860168
145.82710266 3.47441101 159.95489502
145.89450073 3.61725211 160.17059326
145.94099426 3.68572402 160.31939697
145.93809509 0.25491190 160.09489441
145.93469238 0.96469033 160.08439636
145.92930603 1.10872996 160.06730652
145.92860413 1.24744594 160.06520081
145.93170166 1.38218606 160.07490540
145.93499756 1.51633501 160.08520508
145.93980408 1.64877105 160.10049438
145.84730530 1.85685694 159.80969238
145.79960632 2.02522492 159.65960693
145.84170532 2.25690293 159.79220581
145.94689941 2.31849098 160.12280273
145.94949341 2.58368611 160.13099670
145.81849670 2.91967607 159.71910095
145.90629578 3.00298595 159.99530029
145.89660645 2.70095611 159.96459961
145.83670044 2.82163596 159.77639771
145.83830261 2.99023795 159.78140259
145.95759583 3.01285601 160.15649414
145.85200500 3.15228701 159.82440186
145.85299683 3.23630095 159.82749939
145.90660095 3.38122296 159.99589539
145.87559509 3.47942209 159.89860535
145.99079895 3.51738191 160.26069641
145.91459656 3.63313293 160.02130127
145.93069458 3.71218801 160.07189941
145.88960266 1.87018704 159.73689270
145.86419678 2.02100396 159.65840149
145.89079285 2.26398301 159.74079895
145.84899902 2.42172289 159.61160278
145.88940430 2.52563000 159.73640442
145.86109924 2.67198300 159.64900208
145.92860413 2.76254702 159.85769653
145.88639832 2.91503096 159.72709656
145.96809387 3.00238490 159.97950745
145.94679260 2.70691991 159.91380310
145.90409851 2.81716704 159.78169250
145.94059753 2.96755409 159.89460754
145.91960144 3.14840293 159.82969666
145.91180420 3.23670006 159.80569458
145.92730713 3.31403708 159.85339355
145.93409729 3.39557910 159.87449646
146.00289917 3.45147991 160.08700562
146.01719666 3.61730003 160.13119507
145.94380188 1.87396300 159.70230103
145.93859863 2.27162790 159.68670654
145.89799500 2.42784810 159.56329346
145.97430420 2.50997210 159.79490662
145.92810059 2.66723299 159.65460205
145.99169922 2.76078296 159.84770203
145.95429993 2.91047597 159.73420715
145.93139648 3.05047798 159.66459656
146.00010681 2.71089506 159.87319946
145.95939636 2.98908806 159.74960327
145.92900085 3.08891392 159.65739441
145.93029785 3.17214298 159.66119385
145.98869324 3.31332207 159.83869934
146.05479431 3.45519400 160.03939819
146.13079834 3.51100802 160.27020264
146.07400513 3.61894393 160.09770203
145.99789429 1.87764394 159.66789246
146.01010132 2.00069308 159.70429993
145.97380066 2.28729606 159.59590149
146.00500488 2.39725995 159.68899536
146.02439880 2.51564002 159.74690247
145.98919678 2.66590405 159.64190674
146.01179504 2.78234196 159.70939636
146.02969360 2.72812605 159.76289368
145.99180603 2.83425999 159.64970398
145.99459839 3.00145292 159.65789795
146.10389709 3.11740994 159.98429871
146.11889648 3.19639111 160.02890015
146.16329956 3.34946394 160.16149902
146.11920166 3.45373201 160.02999878
146.13879395 3.53175592 160.08850098
146.12010193 3.70979905 160.03259277
146.15260315 3.78430009 160.12980652
146.07119751 1.86708403 159.69009399
146.05329895 2.14301395 159.63769531
146.20390320 2.17608190 160.07980347
146.06039429 2.39945793 159.65849304
146.07429504 2.52118611 159.69920349
146.02400208 2.67941093 159.55160522
146.03790283 2.80002403 159.59240723
146.05099487 3.04952407 159.63079834
146.05209351 2.74888992 159.63400269
146.05749512 2.83051109 159.64999390
146.06930542 2.99341702 159.68449402
146.10659790 3.05962205 159.79400635
146.17419434 3.19882298 159.99240112
146.10870361 3.31304407 159.80029297
146.22279358 3.43668699 160.13529968
146.20860291 3.61439490 160.09359741
146.17709351 3.71106005 160.00109863
146.12480164 1.87095499 159.65420532
146.11909485 2.00696492 159.63760376
146.36669922 1.97332299 160.35270691
146.26080322 2.17869997 160.04690552
146.14430237 2.38411188 159.71060181
146.17439270 2.62822509 159.79750061
146.18370056 2.75395012 159.82420349
146.12040710 3.04443789 159.64149475
146.08180237 2.76490593 159.52990723
146.21459961 3.03630590 159.91349792
146.19490051 3.13118792 159.85679626
146.22079468 3.20496202 159.93159485
146.25039673 3.53559709 160.01699829
146.24839783 3.70742702 160.01109314
146.17820740 1.87472701 159.61830139
146.17210388 2.01081896 159.60090637
146.40939331 1.98616505 160.27510071
146.33000183 2.17332792 160.04960632
146.30070496 2.32552600 159.96629333
146.35530090 2.42741609 160.12150574
146.19520569 2.64938688 159.66659546
146.27369690 3.00033903 159.88940430
146.44279480 2.68936396 160.36999512
146.27310181 3.03702593 159.88789368
146.27169800 3.20902610 159.88400269
146.32969666 3.27007389 160.04879761
146.31489563 3.61986804 160.00650024
146.27450562 1.84828496 159.70249939
146.23809814 2.00574899 159.60079956
146.38850403 2.30922699 160.02139282
146.25369263 2.64956093 159.64450073
146.52139282 2.77808094 160.39309692
146.40269470 3.26498008 160.06120300
146.46650696 2.29904604 160.04710388
146.40840149 2.46596003 159.88729858
146.55790710 2.41661096 160.10769653
145.67030334 2.59261298 160.84469604
145.73170471 2.58472395 160.79699707
145.85000610 2.16226602 160.76660156
145.81080627 2.43967891 160.75430298
145.71180725 2.59227300 160.72340393
145.56260681 2.70619392 160.67669678
145.66940308 2.07240200 160.64329529
145.84759521 2.30188990 160.69799805
145.62390137 2.61266899 160.62930298
145.48820496 1.98575699 160.52200317
145.66670227 2.07730699 160.57589722
145.87849426 2.29943705 160.63969421
145.49000549 2.51131892 160.52250671
145.69659424 2.60244703 160.58489990
145.46189880 1.99631000 160.44880676
145.67289734 2.08012605 160.51130676
145.75399780 2.32931304 160.53529358
145.47650146 2.51763892 160.45309448
145.52020264 1.98674500 160.40060425
145.74409485 2.06807899 160.46569824
145.48899841 2.38825893 160.39160156
145.76899719 2.46305990 160.47300720
145.62879944 2.62223911 160.43220520
145.68879700 3.00410891 160.44960022
145.72630310 2.94843411 160.46049500
145.73039246 3.37648797 160.46170044
145.81719971 3.70709395 160.48689270
145.57189941 1.97866201 160.35020447
145.87130737 2.17811394 160.43550110
145.51960754 2.38552690 160.33529663
145.59970093 2.63108397 160.35809326
145.92660522 2.83594704 160.45129395
145.72529602 3.00109291 160.39390564
146.40029907 2.65656590 160.58639526
145.73500061 2.94999099 160.39669800
145.78840637 3.28519893 160.41189575
145.71980286 3.38044405 160.39230347
145.81329346 3.62423611 160.41900635
145.83909607 3.70664001 160.42640686
145.47120667 1.87459505 160.25669861
145.57859802 1.98116398 160.28669739
145.77310181 2.06952190 160.34109497
145.56410217 2.64105606 160.28269958
146.31669617 2.63603592 160.49319458
145.94949341 2.83506894 160.39050293
146.05520630 2.63426089 160.41999817
145.73370361 2.95317292 160.33009338
145.80310059 3.28560209 160.34950256
145.58259583 3.48617601 160.28790283
146.02439880 3.51420498 160.41140747
145.88560486 3.61763096 160.37260437
145.80059814 3.88313293 160.34880066
145.50430298 1.87058306 160.20120239
145.41439819 2.02381492 160.17660522
145.75300598 2.07792997 160.26939392
145.37049866 2.42346907 160.16450500
146.15260315 2.53332996 160.37899780
146.10749817 2.62773490 160.36669922
145.82029724 2.94140410 160.28790283
146.03880310 3.07950091 160.34779358
145.52940369 3.24368000 160.20809937
145.84669495 3.28176999 160.29510498
145.64570618 3.39552498 160.24000549
145.88180542 3.44867897 160.30479431
145.92320251 3.52923608 160.31610107
145.47270203 1.88234198 160.12820435
145.43420410 2.02298903 160.11779785
145.73309326 2.08621001 160.19819641
145.40069580 2.29115105 160.10879517
145.37959290 2.42493296 160.10310364
146.20779419 2.52620602 160.32569885
145.90159607 2.84902501 160.24349976
145.82119751 2.94409394 160.22180176
145.98860168 3.09005594 160.26679993
146.07609558 3.16375399 160.29040527
145.73359680 3.30058098 160.19830322
145.71090698 3.38879108 160.19219971
145.69360352 3.47588396 160.18750000
145.63690186 3.65173197 160.17230225
145.77020264 3.72046590 160.20809937
145.87959290 0.25589439 160.17109680
145.88369751 0.39738831 160.17210388
145.88980103 0.53743452 160.17379761
145.57569885 1.86108994 160.09100342
145.42080688 2.02989793 160.05020142
145.68330383 2.10114002 160.11940002
145.37489319 2.42918897 160.03819275
145.92480469 2.44929910 160.18299866
145.55259705 2.78192997 160.08500671
145.77160645 2.87385702 160.14270020
145.83880615 2.99377489 160.16029358
145.60890198 2.72737408 160.09979248
145.86700439 2.93916607 160.16780090
145.82589722 3.03220797 160.15690613
145.60440063 3.15282989 160.09860229
145.94999695 3.18527508 160.18960571
145.73779297 3.30234599 160.13369751
145.83810425 3.37344599 160.16020203
145.74870300 3.47075009 160.13659668
145.98980713 3.52508092 160.20010376
145.60139465 3.65796304 160.09779358
145.80679321 3.71815801 160.15190125
145.91529846 0.24903411 160.11399841
145.92520142 0.38871729 160.11659241
145.92480469 0.67274922 160.11650085
145.91999817 0.81500912 160.11520386
145.90260315 0.96025240 160.11079407
145.89109802 1.10271895 160.10780334
145.88160706 1.24371397 160.10530090
145.88340759 1.38078594 160.10580444
145.89610291 1.51438498 160.10910034
145.90460205 1.64867604 160.11129761
145.39349365 2.03994298 159.97940063
145.60400391 2.38511300 160.03370667
145.49719238 2.53673196 160.00619507
145.65570068 2.76634598 160.04710388
145.53939819 2.74329996 160.01710510
145.83650208 2.94702101 160.09370422
145.81039429 3.03733802 160.08700562
145.60690308 3.15491390 160.03450012
145.91279602 3.19331598 160.11340332
145.95399475 3.27344894 160.12399292
145.89920044 3.36722398 160.10989380
145.84880066 3.45963192 160.09689331
145.90359497 3.62353492 160.11099243
145.47799683 1.89250898 159.93730164
145.47760010 2.02378201 159.93719482
145.93170166 2.18680501 160.05189514
146.07730103 2.29075289 160.08869934
146.13519287 2.41421390 160.10330200
146.15350342 2.54573798 160.10789490
145.87260437 2.73047209 160.03700256
145.96310425 2.66713190 160.05979919
145.81210327 2.78162909 160.02169800
145.79029846 3.04314089 160.01620483
145.89349365 3.19858694 160.04229736
145.82209778 3.29474807 160.02420044
145.84669495 3.37665796 160.03039551
145.80929565 3.55190396 160.02099609
145.86689758 3.62984300 160.03550720
145.39230347 1.78622794 159.85240173
145.79479980 1.95304096 159.95190430
145.93249512 2.32378507 159.98590088
146.15100098 2.41421390 160.03990173
146.01109314 2.57534790 160.00529480
145.83729553 2.73948908 159.96240234
145.54370117 3.04836798 159.88980103
145.99400330 2.66428089 160.00109863
145.79319763 2.78779793 159.95150757
145.57260132 2.99659491 159.89689636
145.73379517 3.05478001 159.93679810
145.71519470 3.14278293 159.93220520
145.96310425 3.53446507 159.99349976
145.97189331 3.70472002 159.99560547
145.45239258 1.77468097 159.80380249
145.63619995 1.86118603 159.84820557
145.78979492 1.95771205 159.88529968
145.80140686 2.74853492 159.88819885
145.64089966 3.03521895 159.84930420
146.19779968 2.62918305 159.98399353
145.79110718 2.79086089 159.88569641
145.55630493 3.00178695 159.82890320
145.74180603 3.05588698 159.87370300
145.83270264 3.21225691 159.89570618
145.80529785 3.47143888 159.88909912
145.91920471 3.54188991 159.91659546
145.80979919 1.95642900 159.82499695
145.92250061 2.19850206 159.85159302
145.86250305 2.34427094 159.83740234
146.07550049 2.43496490 159.88780212
145.73350525 2.76316690 159.80690002
145.63220215 2.91020989 159.78289795
145.95050049 2.98824406 159.85820007
146.03829956 2.66161203 159.87899780
145.65539551 2.81786108 159.78849792
145.83419800 3.04328799 159.83070374
145.70179749 3.31847405 159.79939270
145.95030212 3.36860204 159.85820007
145.92919922 2.20013809 159.78759766
145.85949707 2.34781098 159.77139282
145.85440063 2.48108411 159.77029419
145.88119507 2.60787702 159.77639771
146.06880188 2.70623112 159.81979370
145.77729797 2.88815808 159.75239563
145.93710327 2.99266291 159.78939819
146.08230591 2.65613389 159.82290649
145.70390320 2.81166506 159.73550415
145.94219971 2.94190001 159.79049683
145.98739624 3.02085710 159.80099487
145.69520569 3.15263796 159.73350525
145.94569397 3.19968390 159.79139709
145.86300659 3.29737306 159.77220154
145.87950134 3.46547103 159.77609253
145.60920715 1.87791204 159.64979553
145.67630005 1.99403703 159.66490173
145.94439697 2.19987607 159.72549438
145.77619934 2.36771107 159.68750000
145.84460449 2.48570299 159.70300293
145.92570496 2.60216308 159.72129822
146.03430176 2.71482897 159.74580383
145.92269897 2.86606789 159.72059631
145.99369812 2.67516994 159.73660278
145.87370300 2.95567489 159.70950317
145.94090271 3.03060603 159.72470093
145.52490234 2.03236389 159.56750488
145.80340576 2.10050797 159.62899780
146.00010681 2.19085312 159.67230225
145.84989929 2.35537195 159.63920593
145.89830017 2.47785306 159.64990234
145.87429810 2.61425710 159.64460754
146.05380249 2.71379709 159.68420410
146.01579285 2.85271907 159.67579651
146.04220581 2.66870689 159.68159485
146.02909851 2.75826192 159.67869568
145.94140625 3.03272104 159.65939331
145.89489746 3.12586308 159.64909363
145.62899780 2.01113605 159.52690125
145.89410400 2.08320808 159.58389282
146.06509399 2.17982197 159.62069702
145.84849548 2.35835409 159.57409668
145.93080139 2.47408795 159.59179688
145.93890381 2.60470295 159.59359741
146.06990051 2.71331310 159.62179565
146.08059692 2.84410501 159.62409973
146.00300598 2.67843890 159.60729980
145.87350464 2.35586596 159.51469421
146.04190063 2.45494008 159.55009460
146.11880493 2.70698190 159.56619263
146.06990051 2.75566006 159.55599976
145.94830322 2.34312606 159.46539307